RNAseqname                                   	numofnts  	Time(s)   	MFEILP    	MFEARCHIVE	MFERNAstr 	MFERNAFold	MFEUNAfold	F1ILP     	F1RNAstr  	F1RNAFold 	F1UNAFold 	FbILP     	FbRNAstr  	FbRNAFold 	FbUNAFold 	INFILP    	INFRNAstr 	INFRNAFold	INFUNAFold
16s_C.elegans_domain4                        	73        	5401.01   	-15.96    	3.00      	-14.00    	-12.40    	-14.60    	0.00      	0.25      	0.00      	0.25      	0.00      	0.33      	0.00      	0.33      	0.00      	0.28      	0.00      	0.28      
srp_Aqui.aeol._AE000657                      	77        	3872.18   	-46.86    	-44.80    	-45.90    	-45.90    	-42.00    	0.57      	0.57      	0.57      	1.00      	0.59      	0.59      	0.59      	1.00      	0.57      	0.57      	0.57      	1.00      
srp_Burk.mall._CP000010                      	79        	5400.79   	-28.30    	-17.60    	-27.20    	-25.50    	-25.00    	0.75      	0.00      	0.00      	0.32      	0.79      	0.00      	0.00      	0.32      	0.75      	0.00      	0.00      	0.32      
srp_Burk.mall._CP000546                      	79        	5400.71   	-28.30    	-17.60    	-27.20    	-25.50    	-25.00    	0.75      	0.00      	0.00      	0.32      	0.79      	0.00      	0.00      	0.32      	0.75      	0.00      	0.00      	0.32      
srp_Burk.pseu._CP000124                      	79        	5400.86   	-28.30    	-17.60    	-27.20    	-25.50    	-25.00    	0.75      	0.00      	0.00      	0.32      	0.79      	0.00      	0.00      	0.32      	0.75      	0.00      	0.00      	0.32      
srp_Burk.pseu._CP000570                      	79        	5403.36   	-29.66    	-14.70    	-26.60    	-25.80    	-24.40    	0.13      	0.00      	0.00      	0.00      	0.13      	0.00      	0.00      	0.00      	0.13      	0.00      	0.00      	0.00      
srp_Burk.pseu._CP000572                      	79        	5400.72   	-28.30    	-17.60    	-27.20    	-25.50    	-25.00    	0.75      	0.00      	0.00      	0.32      	0.79      	0.00      	0.00      	0.32      	0.75      	0.00      	0.00      	0.32      
srp_Citr.sine._CN181543                      	78        	5401.06   	-22.81    	1381.00   	-23.30    	-22.00    	-19.50    	0.00      	0.00      	0.00      	0.00      	0.00      	0.00      	0.00      	0.00      	0.00      	0.00      	0.00      	0.00      
srp_Citr.sine._CN181544                      	78        	5400.97   	-22.81    	1381.00   	-23.30    	-22.00    	-19.50    	0.00      	0.00      	0.00      	0.00      	0.00      	0.00      	0.00      	0.00      	0.00      	0.00      	0.00      	0.00      
srp_Lact.case._CP000423                      	79        	5403.70   	-28.91    	-4.80     	-26.10    	-25.70    	-24.30    	0.60      	0.60      	0.60      	0.60      	0.71      	0.71      	0.71      	0.71      	0.62      	0.62      	0.62      	0.62      
srp_Lact.john._AX926712                      	76        	5400.76   	-29.88    	-18.80    	-25.10    	-25.60    	-25.30    	0.48      	0.33      	0.48      	0.50      	0.49      	0.35      	0.49      	0.53      	0.48      	0.33      	0.48      	0.50      
srp_Lact.lact._AE006305                      	77        	5401.44   	-27.24    	-14.80    	-25.50    	-25.50    	-24.30    	0.88      	0.88      	0.88      	0.57      	0.90      	0.90      	0.90      	0.59      	0.88      	0.88      	0.88      	0.57      
srp_Myco.capr._D00560                        	77        	4792.47   	-28.82    	-17.00    	-24.50    	-24.50    	-23.60    	0.85      	0.85      	0.85      	0.85      	0.88      	0.88      	0.88      	0.88      	0.85      	0.85      	0.85      	0.85      
srp_Myco.pene._BA000026                      	77        	3928.17   	-46.86    	-44.80    	-45.90    	-45.90    	-42.00    	0.57      	0.57      	0.57      	1.00      	0.59      	0.59      	0.59      	1.00      	0.57      	0.57      	0.57      	1.00      
srp_Myco.pneu._AE000044                      	77        	5401.14   	-28.82    	-17.00    	-24.50    	-24.50    	-23.60    	0.85      	0.85      	0.85      	0.85      	0.88      	0.88      	0.88      	0.88      	0.85      	0.85      	0.85      	0.85      
srp_Myco.pneu._S76009                        	79        	5405.28   	-29.37    	-18.50    	-25.20    	-25.20    	-24.50    	0.88      	0.86      	0.86      	0.86      	0.90      	0.87      	0.87      	0.87      	0.88      	0.86      	0.86      	0.86      
srp_Myco.pneu._U00089                        	77        	5402.49   	-28.82    	-17.00    	-24.50    	-24.50    	-23.60    	0.85      	0.85      	0.85      	0.85      	0.88      	0.88      	0.88      	0.88      	0.85      	0.85      	0.85      	0.85      
srp_Myco.pulm._U06833                        	77        	4825.55   	-28.82    	-17.90    	-24.50    	-24.50    	-23.60    	0.88      	0.88      	0.88      	0.88      	0.90      	0.90      	0.90      	0.90      	0.88      	0.88      	0.88      	0.88      
srp_Proc.mari._CP000111                      	74        	5400.57   	-20.75    	-7.80     	-18.20    	-16.70    	-16.10    	0.39      	0.00      	0.00      	0.00      	0.43      	0.00      	0.00      	0.00      	0.39      	0.00      	0.00      	0.00      
srp_Shig.flex._AE005674                      	74        	5400.71   	-31.65    	-13.50    	-29.40    	-28.50    	-25.50    	0.19      	0.00      	0.00      	0.20      	0.23      	0.00      	0.00      	0.24      	0.20      	0.00      	0.00      	0.21      
srp_Stre.agal._AE014209                      	77        	5400.72   	-30.11    	-18.00    	-26.50    	-26.90    	-26.90    	0.85      	0.85      	0.88      	0.85      	0.86      	0.86      	0.90      	0.86      	0.85      	0.85      	0.88      	0.85      
srp_Stre.agal._AL766845                      	77        	5400.79   	-30.11    	-18.00    	-26.50    	-26.90    	-26.90    	0.85      	0.85      	0.88      	0.85      	0.86      	0.86      	0.90      	0.86      	0.85      	0.85      	0.88      	0.85      
srp_Stre.agal._CP000114                      	77        	5400.75   	-30.11    	-17.60    	-26.50    	-26.90    	-26.90    	0.87      	0.87      	0.85      	0.87      	0.89      	0.89      	0.88      	0.89      	0.87      	0.87      	0.85      	0.87      
srp_Stre.muta._AE014133                      	73        	4513.49   	-32.83    	-20.60    	-30.10    	-29.40    	-28.70    	0.74      	0.68      	0.68      	0.85      	0.72      	0.70      	0.70      	0.84      	0.74      	0.68      	0.68      	0.85      
srp_Stre.muta._AF132127                      	73        	4595.18   	-32.83    	-20.60    	-30.10    	-29.40    	-28.70    	0.74      	0.68      	0.68      	0.85      	0.72      	0.70      	0.70      	0.84      	0.74      	0.68      	0.68      	0.85      
srp_Stre.pneu._AE005672                      	77        	5402.46   	-29.51    	-15.80    	-26.50    	-26.50    	-26.90    	0.74      	0.86      	0.86      	0.86      	0.75      	0.89      	0.89      	0.89      	0.74      	0.86      	0.86      	0.86      
srp_Stre.pneu._AE008386                      	77        	5401.35   	-29.51    	-15.80    	-26.50    	-26.50    	-26.90    	0.74      	0.86      	0.86      	0.86      	0.75      	0.89      	0.89      	0.89      	0.74      	0.86      	0.86      	0.86      
srp_Stre.pneu._CP000410                      	77        	5400.60   	-29.51    	-15.80    	-26.50    	-26.50    	-26.90    	0.74      	0.86      	0.86      	0.86      	0.75      	0.89      	0.89      	0.89      	0.74      	0.86      	0.86      	0.86      
srp_Stre.pyog._AE004092                      	73        	5400.51   	-28.42    	-13.30    	-25.60    	-25.60    	-25.70    	0.81      	0.81      	0.81      	0.81      	0.83      	0.83      	0.83      	0.83      	0.81      	0.81      	0.81      	0.81      
srp_Stre.pyog._AE009969                      	78        	5401.74   	-30.53    	-18.80    	-27.30    	-27.30    	-28.30    	0.87      	0.87      	0.87      	0.87      	0.87      	0.87      	0.87      	0.87      	0.87      	0.87      	0.87      	0.87      
srp_Stre.pyog._CP000259                      	73        	5400.58   	-28.42    	-13.30    	-25.60    	-25.60    	-25.70    	0.81      	0.81      	0.81      	0.81      	0.83      	0.83      	0.83      	0.83      	0.81      	0.81      	0.81      	0.81      
srp_Stre.pyog._CP000260                      	73        	5400.54   	-28.42    	-13.30    	-25.60    	-25.60    	-25.70    	0.81      	0.81      	0.81      	0.81      	0.83      	0.83      	0.83      	0.83      	0.81      	0.81      	0.81      	0.81      
srp_Stre.pyog._CP000261                      	73        	5400.46   	-28.42    	-13.30    	-25.60    	-25.60    	-25.70    	0.81      	0.81      	0.81      	0.81      	0.83      	0.83      	0.83      	0.83      	0.81      	0.81      	0.81      	0.81      
srp_Stre.sang._CP000387                      	73        	3883.43   	-30.39    	-16.50    	-26.60    	-26.50    	-26.20    	0.68      	0.65      	0.80      	0.80      	0.68      	0.67      	0.81      	0.81      	0.68      	0.65      	0.80      	0.80      
srp_Stre.suis._CP000407                      	78        	5402.72   	-28.17    	-14.10    	-28.40    	-28.50    	-28.20    	0.68      	0.82      	0.68      	0.82      	0.70      	0.84      	0.70      	0.84      	0.68      	0.82      	0.68      	0.82      
srp_Stre.suis._CP000408                      	78        	5400.46   	-28.17    	-14.10    	-28.40    	-28.50    	-28.20    	0.68      	0.82      	0.68      	0.82      	0.70      	0.84      	0.70      	0.84      	0.68      	0.82      	0.68      	0.82      
srp_Stre.ther._CP000024                      	77        	5400.64   	-31.35    	-19.90    	-28.30    	-28.30    	-28.10    	0.87      	0.87      	0.87      	0.87      	0.87      	0.87      	0.87      	0.87      	0.87      	0.87      	0.87      	0.87      
tRNA_tdbR00000001-Halobacterium_salinarum-2242-Ala-CGC	75        	5401.21   	-30.66    	-25.70    	-29.60    	-29.10    	-26.30    	0.67      	0.95      	0.71      	0.67      	0.69      	0.98      	0.74      	0.69      	0.67      	0.96      	0.71      	0.67      
tRNA_tdbR00000002-Haloferax_volcanii-2246-Ala-CGC	75        	4490.00   	-31.81    	-27.20    	-31.10    	-30.70    	-27.60    	0.67      	0.95      	0.67      	0.67      	0.69      	0.98      	0.69      	0.69      	0.67      	0.96      	0.67      	0.67      
tRNA_tdbR00000003-Haloferax_volcanii-2246-Ala-GGC	75        	5402.10   	-33.06    	-30.80    	-32.60    	-32.50    	-26.70    	0.49      	1.00      	0.71      	0.56      	0.51      	1.00      	0.71      	0.57      	0.49      	1.00      	0.71      	0.56      
tRNA_tdbR00000004-Haloferax_volcanii-2246-Ala-UGC	75        	5400.93   	-34.14    	-28.70    	-32.80    	-31.50    	-28.70    	0.95      	0.93      	0.95      	0.71      	0.98      	0.94      	0.98      	0.74      	0.96      	0.93      	0.96      	0.71      
tRNA_tdbR00000005-Mycoplasma_capricolum-2095-Ala-UGC	76        	5400.89   	-33.53    	-26.90    	-33.70    	-34.90    	-29.30    	0.68      	0.73      	0.29      	0.68      	0.70      	0.75      	0.32      	0.70      	0.68      	0.73      	0.29      	0.68      
tRNA_tdbR00000006-Mycoplasma_mycoides-2102-Ala-UGC	76        	5401.33   	-33.53    	-26.90    	-33.70    	-34.90    	-29.30    	0.68      	0.73      	0.29      	0.68      	0.70      	0.75      	0.32      	0.70      	0.68      	0.73      	0.29      	0.68      
tRNA_tdbR00000007-Bacillus_subtilis-1423-Ala-5GC	76        	5401.11   	-33.19    	-29.90    	-32.30    	-32.80    	-27.90    	0.76      	0.98      	0.52      	0.57      	0.79      	0.96      	0.55      	0.57      	0.76      	0.98      	0.52      	0.57      
tRNA_tdbR00000008-Escherichia_coli-562-Ala-GGC	76        	5400.35   	-30.55    	-24.30    	-29.00    	-29.00    	-25.70    	0.72      	0.93      	0.50      	0.95      	0.77      	0.94      	0.54      	0.98      	0.73      	0.93      	0.50      	0.96      
tRNA_tdbR00000009-Escherichia_coli-562-Ala-VGC	76        	5400.50   	-31.40    	-28.90    	-30.90    	-30.90    	-28.70    	0.26      	1.00      	0.70      	0.00      	0.28      	1.00      	0.73      	0.00      	0.26      	1.00      	0.70      	0.00      
tRNA_tdbR00000010-Escherichia_coli-562-Ala-VGC	76        	5406.21   	-32.65    	-26.80    	-29.90    	-31.80    	-25.70    	0.29      	0.98      	0.51      	0.29      	0.31      	0.96      	0.55      	0.32      	0.29      	0.98      	0.51      	0.29      
tRNA_tdbR00000011-Neurospora_crassa-5141-Ala-UGC	75        	5400.63   	-18.85    	-15.00    	-16.80    	-17.40    	-14.80    	0.51      	1.00      	0.55      	0.55      	0.53      	1.00      	0.55      	0.55      	0.51      	1.00      	0.55      	0.55      
tRNA_tdbR00000012-Saccharomyces_cerevisiae-4932-Ala-IGC	76        	5400.72   	-29.73    	-25.80    	-27.60    	-29.40    	-25.00    	0.43      	0.95      	0.24      	0.24      	0.44      	0.95      	0.25      	0.25      	0.43      	0.95      	0.24      	0.24      
tRNA_tdbR00000013-Pichia_jadinii-4903-Ala-IGC	76        	5400.58   	-25.33    	-23.30    	-25.10    	-25.20    	-20.90    	0.70      	0.95      	0.95      	0.00      	0.70      	0.95      	0.95      	0.00      	0.70      	0.95      	0.95      	0.00      
tRNA_tdbR00000014-Bombyx_mori-7091-Ala-IGC   	76        	5402.48   	-32.38    	-31.80    	-33.60    	-33.80    	-31.10    	1.00      	1.00      	0.53      	0.42      	1.00      	1.00      	0.56      	0.42      	1.00      	1.00      	0.53      	0.42      
tRNA_tdbR00000015-Bombyx_mori-7091-Ala-IGC   	76        	5400.90   	-34.24    	-33.70    	-35.50    	-34.60    	-29.50    	1.00      	1.00      	1.00      	0.73      	1.00      	1.00      	1.00      	0.75      	1.00      	1.00      	1.00      	0.73      
tRNA_tdbR00000016-Homo_sapiens-9606-Ala-IGC  	76        	5400.99   	-32.27    	-29.90    	-32.20    	-32.00    	-27.10    	1.00      	0.98      	1.00      	0.98      	1.00      	0.96      	1.00      	0.96      	1.00      	0.98      	1.00      	0.98      
tRNA_tdbR00000017-Homo_sapiens-9606-Ala-IGC  	76        	4070.63   	-29.94    	-27.50    	-29.80    	-29.60    	-25.10    	1.00      	0.98      	1.00      	0.98      	1.00      	0.96      	1.00      	0.96      	1.00      	0.98      	1.00      	0.98      
tRNA_tdbR00000019-Mycoplasma_capricolum-2095-Cys-GCA	75        	5400.81   	-28.84    	-18.60    	-23.00    	-25.70    	-23.20    	0.73      	0.73      	0.73      	0.73      	0.79      	0.77      	0.79      	0.77      	0.73      	0.73      	0.73      	0.73      
tRNA_tdbR00000020-Escherichia_coli-562-Cys-GCA	74        	2358.80   	-32.93    	-21.60    	-27.70    	-28.30    	-26.90    	0.71      	0.78      	0.71      	0.71      	0.76      	0.79      	0.76      	0.76      	0.72      	0.78      	0.72      	0.72      
tRNA_tdbR00000021-Saccharomyces_cerevisiae-4932-Cys-GCA	75        	5401.26   	-26.85    	-19.60    	-24.40    	-24.60    	-22.80    	0.74      	0.91      	0.74      	0.71      	0.76      	0.91      	0.76      	0.72      	0.74      	0.91      	0.74      	0.71      
tRNA_tdbR00000022-Enterobacteria_phage_T5-10726-Asp-GUC	77        	5404.21   	-29.49    	-23.70    	-27.60    	-27.70    	-26.60    	0.52      	0.30      	0.29      	0.30      	0.52      	0.32      	0.29      	0.32      	0.52      	0.31      	0.29      	0.31      
tRNA_tdbR00000023-Haloferax_volcanii-2246-Asp-GUC	76        	5400.97   	-36.52    	-26.50    	-32.40    	-36.80    	-31.50    	0.49      	0.52      	0.49      	0.48      	0.51      	0.52      	0.51      	0.50      	0.49      	0.52      	0.49      	0.48      
tRNA_tdbR00000024-Mycoplasma_capricolum-2095-Asp-GUC	77        	5401.95   	-32.03    	-27.60    	-30.90    	-30.20    	-26.20    	0.98      	0.98      	1.00      	1.00      	0.99      	0.96      	1.00      	1.00      	0.98      	0.98      	1.00      	1.00      
tRNA_tdbR00000025-Thermus_thermophilus-274-Asp-GUC	77        	5408.05   	-33.16    	-29.60    	-31.90    	-33.10    	-26.70    	0.50      	0.44      	0.30      	0.98      	0.53      	0.48      	0.33      	0.99      	0.50      	0.45      	0.31      	0.98      
tRNA_tdbR00000026-Escherichia_coli-562-Asp-QUC	77        	5401.13   	-31.94    	-24.70    	-27.60    	-28.10    	-24.00    	0.55      	0.68      	0.70      	0.70      	0.56      	0.70      	0.73      	0.73      	0.55      	0.68      	0.70      	0.70      
tRNA_tdbR00000027-Hordeum_vulgare-4513-Asp-GUC	77        	5400.68   	-28.58    	-25.30    	-29.60    	-28.80    	-25.60    	0.18      	0.52      	0.53      	0.37      	0.19      	0.55      	0.56      	0.38      	0.18      	0.52      	0.53      	0.37      
tRNA_tdbR00000028-Hordeum_vulgare-4513-Asp-QUC	77        	5400.69   	-28.58    	-25.30    	-29.60    	-28.80    	-25.60    	0.18      	0.52      	0.53      	0.37      	0.19      	0.55      	0.56      	0.38      	0.18      	0.52      	0.53      	0.37      
tRNA_tdbR00000029-Asterias_amurensis-7602-Asp-QUC	73        	3735.26   	-24.58    	-9.00     	-17.80    	-17.60    	-18.90    	0.18      	0.00      	0.00      	0.00      	0.19      	0.00      	0.00      	0.00      	0.18      	0.00      	0.00      	0.00      
tRNA_tdbR00000030-Aedes_albopictus-7160-Asp-GUC	71        	5400.92   	-8.42     	-1.40     	-5.20     	-5.10     	-7.60     	0.98      	0.78      	0.47      	0.78      	0.99      	0.71      	0.45      	0.71      	0.98      	0.79      	0.48      	0.79      
tRNA_tdbR00000031-Rattus_norvegicus-10116-Asp-QUC	71        	5400.66   	-16.39    	-7.60     	-12.40    	-11.60    	-13.10    	0.71      	0.93      	0.91      	0.91      	0.74      	0.94      	0.93      	0.93      	0.71      	0.93      	0.91      	0.91      
tRNA_tdbR00000032-Rattus_norvegicus-10116-Asp-GUC	72        	5400.71   	-16.39    	-7.90     	-12.70    	-11.90    	-13.30    	0.71      	0.93      	0.91      	0.91      	0.74      	0.94      	0.93      	0.93      	0.71      	0.93      	0.91      	0.91      
tRNA_tdbR00000033-Didelphis_virginiana-9267-Asp-QUC	73        	5400.69   	-15.17    	-8.00     	-10.70    	-9.90     	-9.20     	0.95      	0.98      	0.95      	0.56      	0.95      	0.96      	0.95      	0.57      	0.95      	0.98      	0.95      	0.56      
tRNA_tdbR00000034-Mesocricetus_auratus-10036-Asp-GUC	71        	5400.69   	-12.88    	-5.30     	-9.80     	-9.00     	-10.50    	0.91      	0.93      	0.91      	0.76      	0.93      	0.94      	0.93      	0.70      	0.91      	0.93      	0.91      	0.76      
tRNA_tdbR00000035-Saccharomyces_cerevisiae-4932-Asp-GUC	75        	5400.93   	-27.39    	-23.30    	-25.60    	-26.60    	-21.40    	0.53      	0.76      	0.50      	0.26      	0.56      	0.76      	0.51      	0.25      	0.53      	0.76      	0.50      	0.26      
tRNA_tdbR00000036-Euglena_gracilis-3039-Asp-GUC	75        	5400.86   	-28.16    	-20.60    	-22.50    	-23.90    	-21.90    	0.76      	1.00      	0.76      	0.76      	0.78      	1.00      	0.78      	0.78      	0.76      	1.00      	0.76      	0.76      
tRNA_tdbR00000037-Rattus_norvegicus-10116-Asp-GUC	76        	5401.47   	-31.41    	-25.40    	-27.40    	-28.00    	-24.50    	0.81      	0.76      	0.50      	0.50      	0.81      	0.76      	0.51      	0.51      	0.81      	0.76      	0.50      	0.50      
tRNA_tdbR00000096-Bos_taurus-9913-Phe-AA     	76        	5401.43   	-24.68    	-20.90    	-24.50    	-23.60    	-22.40    	0.53      	0.50      	0.33      	0.31      	0.56      	0.51      	0.33      	0.32      	0.53      	0.50      	0.33      	0.31      
tRNA_tdbR00000038-Rattus_norvegicus-10116-Asp-8UC	75        	5401.02   	-31.41    	-25.40    	-27.40    	-28.00    	-24.20    	0.81      	0.76      	0.50      	0.50      	0.81      	0.76      	0.51      	0.51      	0.81      	0.76      	0.50      	0.50      
tRNA_tdbR00000039-Oryctolagus_cuniculus-9986-Asp-8UC	76        	5402.48   	-35.53    	-10.20    	-27.60    	-31.20    	-25.80    	0.48      	1.00      	0.52      	0.67      	0.50      	1.00      	0.55      	0.69      	0.48      	1.00      	0.52      	0.67      
tRNA_tdbR00000041-Xenopus_laevis-8355-Asp-8UC	75        	5401.70   	-31.62    	-25.80    	-27.10    	-29.50    	-26.90    	0.33      	0.76      	0.33      	0.32      	0.33      	0.76      	0.33      	0.33      	0.33      	0.76      	0.33      	0.32      
tRNA_tdbR00000042-Haloferax_volcanii-2246-Glu-MUC	78        	5401.13   	-32.26    	-25.10    	-24.40    	-28.70    	-26.50    	0.82      	0.62      	0.82      	0.59      	0.84      	0.62      	0.84      	0.61      	0.82      	0.62      	0.82      	0.59      
tRNA_tdbR00000043-Haloferax_volcanii-2246-Glu-NUC	78        	5402.62   	-35.44    	-19.50    	-29.80    	-32.20    	-26.80    	0.80      	0.56      	0.82      	0.51      	0.83      	0.57      	0.84      	0.52      	0.80      	0.56      	0.82      	0.51      
tRNA_tdbR00000044-Mycoplasma_capricolum-2095-Glu-UC	76        	5400.57   	-30.63    	-23.10    	-27.70    	-27.70    	-23.90    	0.33      	0.33      	0.33      	0.30      	0.34      	0.34      	0.34      	0.33      	0.33      	0.33      	0.33      	0.31      
tRNA_tdbR00000045-Escherichia_coli-562-Glu-SUC	76        	5402.97   	-35.28    	-21.50    	-34.40    	-35.10    	-30.10    	1.00      	0.95      	0.95      	0.95      	1.00      	0.95      	0.95      	0.95      	1.00      	0.95      	0.95      	0.95      
tRNA_tdbR00000046-Escherichia_coli-562-Glu-SUC	76        	5402.13   	-35.25    	-29.30    	-32.00    	-32.80    	-28.70    	1.00      	0.98      	1.00      	1.00      	1.00      	0.96      	1.00      	1.00      	1.00      	0.98      	1.00      	1.00      
tRNA_tdbR00000047-Escherichia_coli-562-Glu-SUC	75        	3676.93   	-36.15    	-29.60    	-32.90    	-33.70    	-28.80    	1.00      	0.98      	1.00      	1.00      	1.00      	0.96      	1.00      	1.00      	1.00      	0.98      	1.00      	1.00      
tRNA_tdbR00000048-Synechocystis_sp.-1143-Glu-NUC	76        	5401.97   	-33.68    	-30.50    	-29.50    	-30.00    	-26.00    	0.79      	0.98      	0.91      	1.00      	0.80      	0.96      	0.93      	1.00      	0.79      	0.98      	0.91      	1.00      
tRNA_tdbR00000049-Chlamydomonas_reinhardtii-3055-Glu-NUC	76        	5402.23   	-30.86    	-26.20    	-26.60    	-28.80    	-24.10    	0.78      	0.97      	0.90      	1.00      	0.79      	0.96      	0.93      	1.00      	0.78      	0.97      	0.91      	1.00      
tRNA_tdbR00000050-Hordeum_vulgare-4513-Glu-SPC	76        	5401.64   	-28.45    	-24.40    	-24.70    	-24.50    	-22.80    	0.73      	0.98      	0.74      	0.73      	0.75      	0.96      	0.75      	0.72      	0.73      	0.98      	0.74      	0.73      
tRNA_tdbR00000051-Triticum_aestivum-4565-Glu-SPC	76        	5401.50   	-28.45    	-22.40    	-24.70    	-24.50    	-22.80    	0.73      	0.98      	0.74      	0.73      	0.75      	0.96      	0.75      	0.72      	0.73      	0.98      	0.74      	0.73      
tRNA_tdbR00000053-Bos_taurus-9913-Glu-NUC    	72        	5400.97   	-17.58    	-22.40    	-12.90    	-12.80    	-13.00    	1.00      	0.98      	1.00      	0.50      	1.00      	0.96      	1.00      	0.50      	1.00      	0.98      	1.00      	0.50      
tRNA_tdbR00000054-Saccharomyces_cerevisiae-4932-Glu-3UC	75        	5400.43   	-26.80    	-19.60    	-21.40    	-21.60    	-18.00    	0.79      	1.00      	0.81      	0.79      	0.83      	1.00      	0.83      	0.83      	0.79      	1.00      	0.81      	0.79      
tRNA_tdbR00000055-Schizosaccharomyces_pombe-4896-Glu-3UC	75        	5401.88   	-31.89    	-25.10    	-28.70    	-30.10    	-26.50    	0.74      	0.90      	0.65      	0.30      	0.76      	0.88      	0.67      	0.31      	0.74      	0.91      	0.65      	0.30      
tRNA_tdbR00000056-Hordeum_vulgare-4513-Glu-UPC	76        	5401.33   	-30.10    	-25.70    	-27.50    	-26.70    	-25.10    	0.79      	1.00      	0.79      	0.50      	0.80      	1.00      	0.80      	0.51      	0.79      	1.00      	0.79      	0.50      
tRNA_tdbR00000057-Hordeum_vulgare-4513-Glu-CPC	76        	5401.39   	-30.99    	-25.70    	-28.90    	-29.10    	-26.40    	0.33      	0.68      	0.49      	0.30      	0.33      	0.70      	0.51      	0.32      	0.33      	0.68      	0.49      	0.30      
tRNA_tdbR00000058-Lupinus_luteus-3873-Glu-CUC	76        	5400.90   	-26.05    	-21.80    	-23.60    	-23.00    	-20.10    	0.34      	1.00      	0.55      	0.51      	0.34      	1.00      	0.56      	0.52      	0.34      	1.00      	0.55      	0.51      
tRNA_tdbR00000059-Rattus_norvegicus-10116-Glu-3UC	75        	5401.26   	-31.00    	-25.80    	-28.00    	-26.70    	-22.70    	0.98      	0.98      	0.98      	0.55      	0.99      	0.96      	0.99      	0.56      	0.98      	0.98      	0.98      	0.55      
tRNA_tdbR00000060-Drosophila_melanogaster-7227-Glu-2UC	75        	5400.87   	-32.12    	-22.50    	-28.00    	-28.10    	-24.30    	0.50      	0.51      	0.50      	0.30      	0.51      	0.52      	0.51      	0.32      	0.50      	0.51      	0.50      	0.30      
tRNA_tdbR00000061-Mus_musculus-10090-Glu-CUC 	75        	5401.16   	-30.65    	-25.80    	-28.10    	-26.90    	-23.70    	0.98      	0.98      	0.50      	0.50      	0.99      	0.96      	0.51      	0.51      	0.98      	0.98      	0.50      	0.50      
tRNA_tdbR00000062-Homo_sapiens-9606-Glu-CUC  	75        	5401.06   	-30.65    	-25.80    	-28.10    	-26.90    	-23.70    	0.98      	0.98      	0.50      	0.50      	0.99      	0.96      	0.51      	0.51      	0.98      	0.98      	0.50      	0.50      
tRNA_tdbR00000063-Haloferax_volcanii-2246-Phe-GAA	77        	5400.90   	-33.30    	-30.80    	-33.80    	-33.40    	-30.30    	0.74      	0.50      	0.53      	0.53      	0.78      	0.51      	0.56      	0.56      	0.74      	0.50      	0.53      	0.53      
